./data_example/train_img/0.png	0.00	6940,6940,6940,6940,15,6940,6940,13,6940,6940,6940,15,6940,6940,6940,15,6940
./data_example/train_img/1.png	0.00	6940,6940,6940,6940,15,6940,6940,6940,13,6940,15,6940,6940,6940,15,6940
./data_example/train_img/2.png	180012	6940,6940,6940,6940,16,6940,6940,23,6940,6940,15,6940,6940,6940,15,6940,6940,6940,6940,16,6940,6940,17,6940,6940,6940,6940
./data_example/train_img/3.png	基金名称	6940,6940,6940,1237,6940,6940,6940,6940,6940,6940,6077,6940,6940,6940,6940,6940,818,6940,6940,6940,6940,6940,4104,6940,6940,6940,6940,6940
./data_example/train_img/4.png	0.00	6940,6940,6940,6940,15,6940,6940,6940,13,6940,6940,15,6940,6940,15,6940
./data_example/train_img/5.png	取消登记	6940,6940,779,6940,6940,6940,6940,6940,3129,6940,6940,6940,6940,6940,3816,6940,6940,6940,6940,6940,6940,5456,6940,6940,6940,6940
./data_example/train_img/6.png	181010	6940,6940,16,6940,6940,23,6940,6940,6940,16,6940,6940,15,6940,6940,6940,16,6940,6940,15,6940,6940,6940
./data_example/train_img/7.png	17.89	6940,6940,6940,16,6940,6940,6940,6940,22,6940,6940,6940,13,6940,6940,23,6940,6940,6940,6940,24,6940,6940
./data_example/train_img/8.png	1016.80	6940,6940,6940,6940,16,6940,6940,15,6940,6940,16,6940,6940,21,6940,6940,13,6940,6940,6940,23,6940,6940,15,6940
./data_example/train_img/11.png	支行	6940,6940,6940,2405,6940,6940,5315,6940,6940,6940
./data_example/train_img/12.png	申购确认	6940,6940,3684,6940,6940,6940,6940,6940,6940,5622,6940,6940,6940,6940,6940,6940,3994,6940,6940,6940,6940,6940,6940,6940,5445,6940,6940,6940,6940
./data_example/train_img/13.png	赎回确认	6940,6940,5655,6940,6940,6940,6940,6940,6940,1122,6940,6940,6940,6940,6940,6940,3994,6940,6940,6940,6940,6940,6940,5445,6940,6940,6940,6940
./data_example/train_img/14.png	业务名称	6940,6940,172,6940,6940,6940,6940,6940,6940,654,6940,6940,6940,6940,6940,818,6940,6940,6940,6940,6940,4104,6940,6940,6940
./data_example/train_img/15.png	0.00	6940,6940,6940,6940,15,6940,6940,13,6940,6940,6940,15,6940,6940,6940,15,6940,6940,6940,6940
./data_example/train_img/16.png	15.27	6940,6940,6940,16,16,6940,20,6940,6940,13,6940,6940,17,6940,6940,22,6940
./data_example/train_img/17.png	管理人手续费	6940,6940,6940,4240,6940,6940,6940,6940,6940,6940,3603,6940,6940,6940,6940,6940,6940,6940,259,6940,6940,6940,6940,6940,2118,6940,6940,6940,6940,6940,6940,4416,6940,6940,6940,6940,6940,6940,5634,6940,6940,6940,6940
./data_example/train_img/18.png	0.00	6940,6940,6940,15,6940,6940,13,6940,15,6940,6940,15,6940
./data_example/train_img/20.png	账户类	6940,6940,6940,5615,6940,6940,6940,6940,6940,2108,6940,6940,6940,6940,6940,4287,6940,6940,6940
./data_example/train_img/21.png	业务名涨	6940,6940,172,6940,6940,654,6940,6940,818,6940,6940,3147,6940
./data_example/train_img/22.png	260,100.00	6940,6940,18,21,6940,15,11,6940,16,15,6940,15,13,13,15,6940,15
./data_example/train_img/23.png	002387/工银沪港深股	6940,6940,6940,15,6940,6940,15,6940,6940,17,6940,6940,6940,18,6940,6940,23,6940,6940,6940,22,6940,14,14,6940,6940,1692,6940,6940,6940,6940,6940,6194,6940,6940,6940,6940,6940,6940,3022,6940,6940,6940,6940,6940,6940,3203,6940,6940,6940,6940,6940,6940,3177,6940,6940,6940,6940,6940,6940,4617,6940,6940,6940,6940,6940,6940
./data_example/train_img/24.png	申购(划款）	6940,6940,3684,6940,6940,6940,6940,6940,5622,6940,6940,6940,6940,6940,7,6940,6940,597,6940,6940,6940,6940,6940,2878,6940,6940,6940,6940,6940,6923,6940
./data_example/train_img/25.png	3	6940,6940,18
./data_example/train_img/26.png	招商证券	6940,6940,6940,2194,6940,6940,6940,6940,6940,6940,986,6940,6940,6940,6940,6940,6940,6940,5471,6940,6940,6940,6940,6940,6940,616,6940,6940,6940,6940
./data_example/train_img/27.png	失败原因	6940,6940,6940,1313,6940,6940,6940,6940,5614,6940,6940,6940,6940,6940,6940,6940,758,6940,6940,6940,6940,6940,1124,6940,6940,6940,6940
./data_example/train_img/28.png	0.05	6940,6940,6940,6940,15,6940,13,6940,15,6940,6940,20,6940
./data_example/train_img/29.png	216,978.15	6940,6940,6940,17,6940,6940,16,6940,6940,21,6940,6940,11,6940,24,6940,6940,6940,22,6940,23,6940,6940,13,6940,6940,16,6940,20,6940
./data_example/train_img/30.png	819589041610001	6940,6940,6940,23,6940,6940,16,6940,6940,24,6940,6940,20,6940,6940,23,6940,6940,6940,24,6940,6940,15,6940,6940,19,6940,6940,6940,16,6940,21,6940,6940,6940,16,6940,6940,15,6940,6940,15,6940,6940,15,6940,6940,6940,16,6940
./data_example/train_img/31.png	交易费用	6940,6940,6940,246,6940,6940,6940,6940,6940,6940,2494,6940,6940,6940,6940,6940,5634,6940,6940,6940,6940,6940,3675,6940,6940,6940
./data_example/train_img/32.png	57	6940,6940,6940,20,6940,6940,6940,6940,22,6940
./data_example/train_img/33.png	1	6940,6940,6940,16,6940
./data_example/train_img/34.png	华安强债B	6940,6940,6940,714,6940,6940,6940,6940,6940,1497,6940,6940,6940,6940,1828,6940,6940,6940,6940,6940,442,6940,6940,6940,6940,33,6940,6940
./data_example/train_img/35.png	申购(划款）	6940,6940,6940,3684,6940,6940,6940,6940,6940,5622,6940,6940,6940,6940,6940,6940,6940,7,6940,6940,597,6940,6940,6940,6940,6940,6940,2878,6940,6940,6940,6940,6940,6940,6923,6940,6940
./data_example/train_img/36.png	0.00	6940,6940,6940,6940,15,6940,6940,13,6940,6940,15,6940,6940,15,6940,6940
./data_example/train_img/37.png	7,455.28	6940,6940,22,6940,11,6940,6940,6940,19,6940,6940,20,6940,6940,6940,20,6940,6940,13,6940,6940,17,6940,6940,23,6940
./data_example/train_img/38.png	联海量化对冲三号私募基金	6940,4593,6940,6940,6940,6940,6940,6940,3124,6940,6940,6940,6940,6940,6940,6076,6940,6940,6940,6940,6940,691,6940,6940,6940,6940,6940,1549,6940,6940,6940,6940,6940,550,6940,6940,6940,6940,6940,6940,158,158,6940,6940,6940,6940,6940,804,6940,6940,6940,6940,6940,4085,6940,6940,6940,6940,6940,676,6940,6940,6940,6940,6940,6940,1237,6940,6940,6940,6940,6940,6077,6940,6940,6940,6940
./data_example/train_img/39.png	制表单位:金信基金管理有限公司	6940,6940,614,6940,6940,5325,6940,6940,719,6940,6940,337,6940,6940,25,6940,6940,6077,6940,6940,6940,409,6940,6940,1237,6940,6940,6077,6940,6940,4240,6940,6940,3603,6940,6940,2568,6940,6940,6383,6940,6940,511,6940,6940,805,6940
./data_example/train_img/41.png	2	6940,6940,6940,17,6940
./data_example/train_img/42.png	2018/8/13	6940,6940,17,6940,6940,6940,15,6940,6940,6940,16,6940,6940,23,6940,6940,6940,14,6940,6940,6940,23,6940,6940,6940,14,6940,6940,16,6940,6940,6940,18,6940
./data_example/train_img/43.png	0.00	6940,6940,6940,6940,15,6940,6940,6940,13,6940,6940,15,6940,6940,6940,15,6940
./data_example/train_img/44.png	20180815	6940,6940,6940,17,6940,15,15,6940,6940,16,6940,23,6940,6940,15,6940,6940,23,6940,6940,16,6940,6940,20,6940
./data_example/train_img/45.png	8	6940,6940,23,6940
./data_example/train_img/46.png	2018	6940,6940,6940,17,6940,6940,15,15,6940,6940,16,6940,6940,23,6940,6940
./data_example/train_img/48.png	总金额	6940,6940,1942,6940,6940,6940,6940,6940,6940,6077,6940,6940,6940,6940,6940,6940,6539,6940,6940,6940,6940
./data_example/train_img/49.png	002912	6940,6940,6940,15,6940,6940,15,6940,6940,6940,17,6940,6940,24,6940,6940,6940,16,6940,6940,17,6940
./data_example/train_img/50.png	0.	6940,6940,6940,6940,15,6940
./data_example/train_img/51.png	打印日期：2018-08-09	6940,6940,6940,2124,6940,6940,6940,6940,6940,737,6940,6940,6940,6940,6940,6940,2472,6940,6940,6940,6940,6940,2578,6940,6940,6940,6940,6940,6940,6928,6940,6940,6940,6940,6940,17,6940,6940,6940,15,6940,6940,16,6940,6940,23,6940,6940,6940,12,6940,6940,15,6940,6940,23,6940,6940,6940,12,6940,6940,15,6940,6940,24,6940
./data_example/train_img/52.png	14,546.36	6940,6940,6940,16,6940,6940,19,6940,6940,11,6940,6940,6940,20,6940,6940,6940,19,6940,6940,21,6940,6940,13,6940,6940,6940,18,6940,6940,6940,21,6940
./data_example/train_img/53.png	2018-0	6940,6940,6940,17,6940,6940,6940,15,6940,6940,6940,6940,16,6940,6940,6940,23,6940,6940,6940,12,6940,6940,6940,6940,15
./data_example/train_img/54.png	-0	6940,12,6940,6940,15,6940,6940,6940
./data_example/train_img/56.png	5	6940,6940,20,6940
./data_example/train_img/57.png	57,123.61	6940,6940,20,6940,6940,6940,22,6940,11,6940,6940,16,6940,17,6940,6940,6940,18,6940,6940,13,6940,21,6940,6940,16
./data_example/train_img/58.png	924.90	6940,6940,6940,6940,24,6940,6940,17,6940,6940,19,6940,6940,6940,13,6940,24,6940,6940,6940,15,6940
./data_example/train_img/59.png	0.00	6940,6940,6940,15,6940,6940,6940,13,6940,6940,15,6940,6940,15,6940,6940
./data_example/train_img/61.png	销售商小计：	6940,6940,6203,6940,6940,6940,6940,6940,6940,974,6940,6940,6940,6940,6940,6940,986,6940,6940,6940,6940,6940,1559,6940,6940,6940,6940,6940,5442,6940,6940,6940,6940,6940,6928,6940,6940,6940
./data_example/train_img/63.png	O	6940,6940,6940,46,6940,6940
./data_example/train_img/65.png	审批:	6940,6940,6940,6940,1512,6940,6940,6940,6940,2141,6940,6940,6940,6940,6940,6928,6940,6940
./data_example/train_img/66.png	中信保诚基金管理有限	6940,6940,6940,185,6940,6940,6940,6940,6940,409,6940,6940,6940,6940,6940,406,6940,6940,6940,6940,6940,5494,6940,6940,6940,6940,6940,6940,1237,6940,6940,6940,6940,6940,6077,6940,6940,6940,6940,6940,4240,6940,6940,6940,6940,6940,6940,3603,6940,6940,6940,6940,6940,2568,6940,6940,6940,6940,6940,6383,6940,6940,6940
./data_example/train_img/67.png	0.00	6940,6940,6940,15,6940,6940,13,6940,15,6940,6940,6940,15,6940
./data_example/train_img/68.png	销售机构：招商证券；确认日期：20180813	6940,6940,6203,6940,6940,6940,6940,6940,6940,974,6940,6940,6940,6940,6940,2589,6940,6940,6940,6940,6940,6940,2624,6940,6940,6940,6940,6940,6928,6940,6940,6940,6940,6940,6940,2194,6940,6940,6940,6940,6940,6940,986,6940,6940,6940,6940,6940,5471,6940,6940,6940,6940,6940,6940,616,6940,6940,6940,6940,6940,6929,6940,6940,6940,6940,6940,6940,3994,6940,6940,6940,6940,6940,5445,6940,6940,6940,6940,6940,6940,2472,6940,6940,6940,6940,6940,6940,2578,6940,6940,6940,6940,6940,6928,6940,6940,6940,6940,6940,17,6940,6940,15,6940,6940,6940,16,6940,23,6940,6940,15,6940,6940,23,6940,6940,6940,16,6940,6940,18,6940,6940
./data_example/train_img/69.png	申购确认	6940,6940,3684,6940,6940,6940,6940,6940,6940,6940,5622,6940,6940,6940,6940,6940,6940,6940,3994,6940,6940,6940,6940,6940,6940,6940,6940,5445,6940,6940,6940,6940
./data_example/train_img/70.png	51.73	6940,6940,6940,20,6940,6940,6940,16,13,13,6940,6940,6940,22,6940,6940,18,6940
./data_example/train_img/71.png	151,298.62	6940,6940,6940,16,6940,6940,20,6940,6940,6940,6940,16,6940,6940,11,6940,6940,6940,6940,17,6940,6940,6940,24,6940,6940,6940,23,6940,6940,6940,13,6940,6940,6940,21,6940,6940,6940,17,6940,6940
./data_example/train_img/72.png	0.00	6940,6940,6940,15,6940,6940,13,6940,6940,6940,15,6940,6940,15,6940,6940
./data_example/train_img/73.png	4 43	6940,6940,6940,6940,6940,19,6940,6940,13,6939,6940,6940,19,6940,6940,6940,18,6940,6940
./data_example/train_img/74.png	0.00	6940,6940,6940,6940,6940,15,6940,6940,6940,13,6940,6940,6940,15,6940,6940,6940,15,6940,6940,6940
./data_example/train_img/75.png	结束日期：	6940,6940,6940,4393,6940,6940,6940,6940,6940,6940,6940,6940,2606,6940,6940,6940,6940,6940,6940,6940,6940,3854,6940,6940,6940,6940,6940,6940,6940,2578,6940,6940,6940,6940,6940,6940,6940,6940,6928,6940,6940,6940
./data_example/train_img/76.png	0.819726	6940,6940,6940,15,6940,6940,13,6940,6940,6940,23,6940,6940,6940,16,6940,24,6940,6940,6940,22,6940,6940,17,6940,6940,21,6940
./data_example/train_img/77.png	到账，请及时划款：￥	6940,6940,612,6940,6940,6940,6940,6940,5615,6940,6940,6940,6940,6940,6926,6940,6940,6940,6940,6940,6940,5522,6940,6940,6940,6940,6940,6940,773,6940,6940,6940,6940,2483,6940,6940,6940,6940,6940,6940,597,6940,6940,6940,6940,6940,2878,6940,6940,6940,6940,6940,6928,6940,6940,6940,6940,6940,6940,6938,6940,6940,6940
./data_example/train_img/79.png	申请金额、确认金额、手续费单位：元	6940,6940,3684,6940,6940,6940,6940,6940,5522,6940,6940,6940,6940,6940,6077,6940,6940,6940,6940,6940,6539,6940,6940,6940,6940,6940,139,6940,6940,6940,6940,3994,6940,6940,6940,6940,6940,5445,6940,6940,6940,6940,6940,6940,6077,6940,6940,6940,6940,6539,6940,6940,6940,6940,6940,139,6940,6940,6940,6940,6940,2118,6940,6940,6940,6940,4416,6940,6940,6940,6940,6940,6940,5634,6940,6940,6940,6940,719,6940,6940,6940,6940,6940,337,6940,6940,6940,6940,6940,6928,6940,6940,6940,6940,6940,6940,493,6940,6940,6940
./data_example/train_img/80.png	005482/博时创新驱动混合A	6940,6940,6940,15,6940,6940,15,6940,6940,20,6940,6940,6940,19,6940,6940,23,6940,6940,17,6940,6940,14,6940,722,722,6940,6940,6940,6940,6940,6940,2483,6940,6940,6940,6940,6940,6940,603,6940,6940,6940,6940,6940,6940,2454,6940,6940,6940,6940,6940,6940,6616,6940,6940,6940,6940,6940,6940,657,6940,6940,6940,6940,6940,6940,6940,3179,6940,6940,6940,6940,6940,6940,814,6940,6940,6940,6940,6940,32,6940,6940,6940
./data_example/train_img/81.png	账户信息	6940,6940,6940,5615,6940,6940,6940,6940,6940,6940,6940,6940,2108,6940,6940,6940,6940,6940,6940,409,6940,6940,6940,6940,6940,6940,6940,6940,1966,6940,6940,6940,6940
./data_example/train_img/83.png	确认净额	6940,6940,3994,6940,6940,5445,6940,6940,3255,6940,6940,6539,6940,6940
./data_example/train_img/84.png	效力等同于管理人盖章。后续发送邮箱变更及时通知到 yywb@cmschina.com.cn	6940,6940,2415,6940,6940,6940,6940,6940,6940,649,6940,6940,6940,6940,6940,4208,6940,6940,6940,6940,6940,817,6940,6940,6940,6940,6940,6940,6940,232,6940,6940,6940,6940,4240,6940,6940,6940,6940,6940,6940,3603,6940,6940,6940,6940,6940,6940,6940,259,6940,6940,6940,6940,3848,3848,6940,6940,6940,6940,6940,4168,6940,6940,6940,6940,6940,140,6940,6940,6940,6940,6940,6940,819,6940,6940,6940,6940,6940,4416,6940,6940,6940,6940,6940,6940,777,6940,6940,6940,6940,6940,5889,6940,6940,6940,6940,6940,6940,5965,6940,6940,6940,6940,6940,6940,4250,6940,6940,6940,6940,6940,781,6940,6940,6940,6940,6940,6940,2560,6940,6940,6940,6940,6940,6940,773,6940,6940,6940,6940,2483,6940,6940,6940,6940,6940,6940,5906,6940,6940,6940,6940,6940,6940,3934,6940,6940,6940,6940,6940,612,6940,6940,6940,6940,6940,6939,6940,84,6940,6940,87,6940,6940,85,6940,6940,6940,64,6940,6940,31,6940,6940,65,6940,6940,75,6940,6940,6940,81,6940,6940,65,6940,6940,70,6940,6940,6940,71,6940,6940,76,6940,6940,63,6940,6940,13,6940,6940,6940,65,6940,6940,77,6940,6940,75,6940,6940,13,6940,6940,6940,65,6940,6940,76,6940,6940,6940
./data_example/train_img/86.png	中国建设银行股份有限公司上海市分行	6940,6940,185,6940,6940,6940,6940,6940,1136,6940,6940,6940,6940,6940,1799,6940,6940,6940,6940,6940,6940,5468,6940,6940,6940,6940,6194,6940,6940,6940,6940,6940,6940,5315,6940,6940,6940,6940,6940,4617,6940,6940,6940,6940,6940,301,6940,6940,6940,6940,6940,2568,6940,6940,6940,6940,6940,6383,6940,6940,6940,6940,6940,6940,511,6940,6940,6940,6940,6940,805,6940,6940,6940,6940,6940,6940,159,6940,6940,6940,3124,6940,6940,6940,6940,6940,6940,1708,6940,6940,6940,6940,6940,590,6940,6940,6940,6940,6940,5315,6940,6940,6940,6940
./data_example/train_img/87.png	300.00	6940,6940,18,6940,6940,15,6940,6940,15,6940,6940,6940,13,6940,6940,15,6940,6940,15,6940,6940
./data_example/train_img/88.png	光大优势	6940,6940,6940,498,6940,6940,6940,6940,6940,1306,6940,6940,6940,6940,6940,312,6940,6940,6940,6940,6940,667,6940,6940,6940,6940
./data_example/train_img/89.png	0.00	6940,6940,6940,15,6940,13,6940,15,6940,6940,15,6940,6940
./data_example/train_img/90.png	0.00	6940,6940,6940,15,6940,6940,13,6940,6940,15,6940,6940,15,6940,6940,6940
./data_example/train_img/92.png	贰拾捌万陆仟零壹拾玖元肆角叁分	6940,6940,6940,5625,6940,6940,6940,6940,6940,6940,2215,6940,6940,6940,6940,6940,6940,2250,6940,6940,6940,6940,6940,6940,6940,156,6940,6940,6940,6940,6376,6940,6940,6940,6940,6940,6940,285,6940,6940,6940,6940,6940,6940,6440,6940,6940,6940,6940,6940,6940,1291,6940,6940,6940,6940,6940,6940,2215,6940,6940,6940,6940,6940,3570,6940,6940,6940,6940,6940,6940,6940,493,6940,6940,6940,6940,6940,4603,6940,6940,6940,6940,6940,6940,5418,6940,6940,6940,6940,6940,6940,769,6940,6940,6940,6940,6940,6940,590,6940,6940
./data_example/train_img/93.png	管理人授权“发送标的行情等估值要	6940,4240,6940,6940,6940,6940,6940,6940,3603,6940,6940,6940,6940,6940,6940,259,6940,6940,6940,6940,2273,6940,6940,6940,6940,6940,6940,2593,6940,6940,6940,6940,6940,6940,6940,104,6940,6940,6940,777,6940,6940,6940,6940,6940,5889,6940,6940,6940,6940,6940,6940,2680,6940,6940,6940,6940,6940,3820,6940,6940,6940,6940,6940,5315,6940,6940,6940,6940,6940,2003,6940,6940,6940,6940,6940,6940,4208,6940,6940,6940,6940,6940,327,6940,6940,6940,6940,6940,6940,443,6940,6940,6940,6940,6940,5400,6940,6940,6940
./data_example/train_img/94.png	(CC06C4)	6940,7,6940,6940,15,6940,15,21,6940,6940,19,6940
./data_example/train_img/95.png	000877	6940,6940,6940,15,6940,6940,6940,15,6940,6940,6940,15,6940,6940,23,6940,6940,6940,6940,22,6940,6940,22,6940,6940,6940
./data_example/train_img/96.png	操作员：彭帅	6940,6940,2388,6940,6940,349,6940,6940,866,6940,25,25,6940,677,6940,6940,6940,6940,6940
./data_example/train_img/97.png	备注：1、原则上，此次授权适用于本产品管理人旗下管理的所有基金投资“标的产品（包含	6940,6940,1294,6940,6940,6940,6940,6940,3054,6940,6940,6940,6940,6928,6940,6940,6940,6940,6940,6940,16,6940,6940,139,6940,6940,6940,6940,6940,758,6940,6940,6940,6940,6940,601,6940,6940,6940,6940,6940,6940,159,6940,6940,6940,6926,6940,6940,6940,6940,6940,6940,2887,6940,6940,6940,6940,6940,2869,6940,6940,6940,6940,6940,2273,6940,6940,6940,6940,6940,2593,6940,6940,6940,6940,6940,5890,6940,6940,6940,6940,6940,3675,6940,6940,6940,6940,6940,232,232,6940,6940,6940,6940,2583,6940,6940,6940,6940,6940,249,6940,6940,6940,6940,6940,920,6940,6940,6940,6940,4240,6940,6940,6940,6940,6940,6940,3603,6940,6940,6940,6940,6940,259,6940,6940,6940,6940,2469,6940,6940,6940,6940,6940,6940,160,160,6940,6940,6940,6940,4240,6940,6940,6940,6940,6940,3603,6940,6940,6940,6940,3820,6940,6940,6940,6940,6940,2112,6940,6940,6940,6940,6940,6940,2568,6940,6940,6940,6940,6940,1237,6940,6940,6940,6940,6940,6077,6940,6940,6940,6940,2152,6940,6940,6940,6940,6940,5645,6940,6940,6940,6940,6940,6940,6940,104,6940,6940,6940,2680,6940,6940,6940,6940,6940,3820,6940,6940,6940,6940,6940,249,6940,6940,6940,6940,6940,920,920,6940,6940,6940,6940,6940,6940,6940,6922,6940,6940,6940,684,6940,6940,6940,6940,6940,839,6940,6940
./data_example/train_img/98.png	0.00	6940,6940,15,6940,13,13,15,6940,6940,15,6940,6940
./data_example/train_img/99.png	手续费	6940,6940,6940,2118,6940,6940,6940,6940,4416,6940,6940,6940,6940,6940,5634,6940,6940,6940,6940
./data_example/train_img/101.png	0.00	6940,6940,15,6940,6940,13,6940,15,6940,6940,15,6940
./data_example/train_img/102.png	*****本管理人已完成本基金所有认购申购客户端确认回访工作	6940,6940,104,6940,6940,6940,6940,6940,6940,104,6940,6940,6940,6940,6940,2583,6940,6940,6940,6940,4240,6940,6940,6940,6940,6940,3603,6940,6940,6940,6940,6940,259,6940,6940,6940,6940,1701,6940,6940,6940,6940,6940,6940,493,6940,6940,6940,6940,2089,6940,6940,6940,6940,6940,6940,2585,6940,6940,6940,6940,1237,6940,6940,6940,6940,6940,6077,6940,6940,6940,6940,2112,6940,6940,6940,6940,6940,6940,2568,6940,6940,6940,6940,5445,6940,6940,6940,6940,5622,6940,6940,6940,6940,6940,6940,67,6940,6940,6940,6940,5622,6940,6940,6940,6940,6940,1513,6940,6940,6940,6940,6940,2108,6940,6940,6940,6940,4173,6940,6940,6940,6940,6940,6940,3712,6940,6940,6940,6940,5702,6940,6940,6940,6940,6940,817,6940,6940,6940,6940,6940,5469,6940,6940,6940,6940,6940,1692,1692,6940,6940,6940,6940,1726,6940,6940,6940,6940,105,6940,6940
./data_example/train_img/103.png	2018-08-15	6940,6940,6940,6940,17,6940,6940,15,6940,6940,6940,16,6940,6940,23,6940,6940,6940,12,6940,6940,15,6940,6940,6940,23,6940,6940,6940,12,6940,6940,6940,16,6940,6940,20,6940
./data_example/train_img/104.png	601877	6940,6940,21,6940,6940,6940,15,6940,6940,16,6940,6940,23,6940,6940,22,6940,6940,22
./data_example/train_img/106.png	招商证券	6940,6940,2194,6940,6940,6940,6940,6940,986,6940,6940,6940,6940,6940,6940,5471,6940,6940,6940,6940,6940,616,6940,6940,6940
./data_example/train_img/107.png	销售机构划款通知书	6940,6940,6940,6203,6940,6940,6940,6940,6940,6940,974,6940,6940,6940,6940,6940,6940,2589,6940,6940,6940,6940,6940,6940,2624,6940,6940,6940,6940,6940,6940,597,6940,6940,6940,6940,6940,2878,6940,6940,6940,6940,6940,6940,5906,6940,6940,6940,6940,6940,6940,3934,6940,6940,6940,6940,6940,6940,220,6940,6940,6940,6940
./data_example/train_img/108.png	0.02	6940,6940,6940,6940,15,6940,6940,6940,13,6940,6940,6940,15,6940,6940,6940,17,6940,6940
./data_example/train_img/109.png	100038(富国沪深300)	6940,6940,6940,16,6940,6940,15,6940,6940,6940,15,6940,6940,15,6940,6940,6940,18,6940,6940,6940,23,6940,6940,6940,7,6940,6940,6940,1535,6940,6940,6940,6940,6940,1136,6940,6940,6940,6940,6940,6940,3022,6940,6940,6940,6940,6940,6940,3177,6940,6940,6940,6940,6940,6940,6940,18,6940,6940,15,6940,6940,15,6940,6940,6940,6923,6940,6940
./data_example/train_img/110.png	0.00	6940,6940,6940,6940,15,6940,6940,6940,13,6940,6940,6940,15,6940,6940,6940,15,6940,6940,6940,6940
./data_example/train_img/111.png	总笔数	6940,6940,6940,6940,1942,6940,6940,6940,6940,6940,4186,6940,6940,6940,6940,6940,2431,6940,6940,6940,6940,6940
./data_example/train_img/112.png	钴	6940,6940,6940,6134,6940,6940,6940,6940,6940,6940,6940,6940,6940,6940,6940,6940
./data_example/train_img/113.png	基金名称	6940,6940,1237,6940,6940,6940,6940,6940,6940,6077,6940,6940,6940,6940,6940,6940,818,6940,6940,6940,6940,6940,4104,6940,6940,6940,6940,6940
./data_example/train_img/114.png	13,021.89	6940,6940,16,16,6940,18,6940,11,6940,15,6940,6940,17,6940,6940,6940,16,13,13,23,6940,6940,24,6940
./data_example/train_img/115.png	99.85	6940,6940,24,6940,6940,24,6940,6940,13,6940,6940,6940,23,6940,6940,20,6940,6940
./data_example/train_img/116.png	（笔）	6940,6940,6940,6940,6940,6940,6922,6940,6940,6940,4186,6940,6940,6940,6940,6940,6940,6940,6923,6940,6940,6940,6940
./data_example/train_img/117.png	1,989.81	6940,6940,6940,6940,16,6940,6940,11,6940,6940,24,6940,6940,6940,23,6940,6940,24,6940,6940,13,6940,6940,23,6940,6940,6940,16,6940
./data_example/train_img/118.png	复核人:	6940,6940,6940,6940,6940,1295,6940,6940,6940,6940,6940,2699,6940,6940,6940,6940,6940,6940,6940,259,6940,6940,6940,6940,6940,6928,6940,6940,6940
./data_example/train_img/120.png	上投摩根基金管理有限公司资金清算专户	6940,6940,6940,6940,159,6940,6940,6940,6940,2152,6940,6940,6940,6940,6940,2359,6940,6940,6940,6940,6940,2700,6940,6940,6940,6940,6940,1237,6940,6940,6940,6940,6940,6077,6940,6940,6940,6940,6940,4240,6940,6940,6940,6940,6940,3603,6940,6940,6940,6940,6940,6940,2568,6940,6940,6940,6940,6383,6940,6940,6940,6940,6940,6940,511,6940,6940,6940,6940,6940,805,6940,6940,6940,6940,6940,5645,6940,6940,6940,6940,6940,6077,6940,6940,6940,6940,6940,3183,6940,6940,6940,6940,6940,4237,6940,6940,6940,6940,6940,166,6940,6940,6940,6940,6940,2108,6940,6940,6940,6940
./data_example/train_img/121.png	确认日期：2018-07-26	6940,6940,6940,3994,6940,6940,6940,6940,6940,5445,6940,6940,6940,6940,6940,2472,6940,6940,6940,6940,6940,2578,6940,6940,6940,6940,6928,6940,6940,6940,6940,6940,6940,17,6940,6940,15,6940,6940,6940,16,6940,6940,23,6940,6940,12,6940,6940,15,6940,6940,6940,22,6940,6940,12,6940,6940,17,6940,6940,21,6940,6940
./data_example/train_img/122.png	发生日期	6940,6940,6940,6940,777,6940,6940,6940,6940,6940,6940,3673,6940,6940,6940,6940,6940,6940,2472,6940,6940,6940,6940,6940,6940,2578,6940,6940,6940,6940
./data_example/train_img/123.png	（客户）	6940,6940,6940,6940,6940,6922,6940,6940,6940,6940,1513,6940,6940,6940,6940,6940,6940,6940,2108,6940,6940,6940,6940,6940,6940,6940,6940,6923,6940,6940,6940
./data_example/train_img/124.png	875	6940,6940,6940,23,6940,6940,6940,22,6940,6940,20,6940,6940,6940
./data_example/train_img/126.png	2018 08 08	6940,6940,6940,17,6940,6940,6940,15,6940,6940,16,6940,6940,23,6940,6940,6939,6939,6940,15,6940,6940,23,6940,6940,6940,6939,6940,6940,15,6940,6940,23,6940,6940
./data_example/train_img/127.png	0.00	6940,6940,6940,6940,6940,15,6940,6940,13,6940,6940,6940,15,6940,6940,15,6940
./data_example/train_img/128.png	0.00	6940,6940,6940,6940,6940,15,6940,6940,6940,13,6940,6940,15,6940,6940,6940,6940,15,6940,6940
./data_example/train_img/129.png	证券代码	6940,6940,5471,6940,6940,6940,6940,6940,6940,6940,616,6940,6940,6940,6940,6940,6940,287,6940,6940,6940,6940,6940,6940,3948,6940,6940,6940,6940
./data_example/train_img/130.png	From：	6940,6940,37,6940,6940,6940,80,6940,6940,6940,77,6940,6940,6940,75,6940,6940,6940,6940,6940,6928,6940,6940,6940,6940,6940
./data_example/train_img/133.png	1,988.08	6940,6940,16,6940,6940,11,6940,6940,24,6940,6940,23,6940,6940,23,6940,6940,13,6940,15,6940,6940,23,6940
./data_example/train_img/134.png	业务名称	6940,6940,172,172,6940,6940,6940,6940,6940,654,6940,6940,6940,6940,6940,6940,818,6940,6940,6940,6940,4104,6940,6940,6940,6940
./data_example/train_img/135.png	0.00	6940,6940,6940,6940,6940,15,6940,6940,13,6940,6940,6940,15,6940,6940,15,6940
./data_example/train_img/136.png	To	6940,6940,51,51,6940,6940,6940,77,6940,6940,6940,6940
./data_example/train_img/137.png	全额	6940,6940,6940,6940,509,6940,6940,6940,6940,6539,6940,6940,6940,6940
./data_example/train_img/139.png	31001550400050009596	6940,6940,18,6940,6940,6940,16,6940,15,6940,6940,6940,15,6940,6940,16,6940,6940,20,6940,6940,6940,20,6940,15,15,6940,6940,19,6940,6940,15,6940,6940,15,6940,6940,15,6940,6940,6940,20,6940,6940,15,6940,6940,15,6940,6940,6940,15,6940,6940,24,6940,6940,20,6940,6940,24,6940,6940,21,6940,6940
./data_example/train_img/140.png	招商证券	6940,6940,2194,6940,6940,6940,6940,6940,986,6940,6940,6940,6940,6940,6940,5471,6940,6940,6940,6940,6940,616,6940,6940,6940,6940
./data_example/train_img/142.png	页)	6940,6940,6940,6504,6940,6940,6940,6940,6940,6923
./data_example/train_img/143.png	资金帐号：	6940,6940,5645,6940,6940,6940,6940,6940,6940,6077,6940,6940,6940,6940,1715,6940,6940,6940,6940,6940,6940,804,6940,6940,6940,6940,6940,6928,6940,6940
./data_example/train_img/146.png	0	6940,6940,6940,15,6940
./data_example/train_img/147.png	0.00	6940,6940,6940,6940,15,6940,13,13,6940,6940,6940,15,6940,6940,15,6940
./data_example/train_img/148.png	登	6940,6940,3816,6940,6940
./data_example/train_img/149.png	基金开户	6940,6940,6940,1237,6940,6940,6940,6940,6940,6940,6077,6940,6940,6940,6940,6940,1802,6940,6940,6940,6940,6940,2108,6940,6940,6940
./data_example/train_img/151.png	划入账户账号	6940,6940,6940,6940,597,6940,6940,6940,6940,6940,508,6940,6940,6940,6940,5615,6940,6940,6940,6940,6940,6940,2108,6940,6940,6940,6940,6940,5615,6940,6940,6940,6940,6940,6940,804,6940,6940
./data_example/train_img/152.png	27.91	6940,6940,6940,6940,17,6940,6940,6940,22,6940,6940,13,6940,6940,6940,24,6940,6940,6940,6940,16
./data_example/train_img/153.png	240022	6940,6940,6940,17,6940,6940,6940,19,6940,6940,15,6940,6940,15,6940,6940,6940,17,6940,6940,17,6940,6940
./data_example/train_img/154.png	确认日期：2018年08月13日	6940,6940,3994,6940,6940,6940,6940,6940,5445,6940,6940,6940,6940,6940,6940,2472,6940,6940,6940,6940,2578,6940,6940,6940,6940,6940,6928,6940,6940,6940,6940,6940,17,6940,6940,15,6940,6940,16,6940,6940,23,6940,6940,1748,6940,6940,6940,6940,6940,15,6940,6940,23,6940,6940,6940,2567,6940,6940,6940,6940,16,6940,6940,18,6940,6940,2472,6940,6940,6940
./data_example/train_img/155.png	470.57	6940,6940,19,6940,6940,22,6940,6940,15,6940,6940,13,6940,6940,20,6940,6940,6940,22
./data_example/train_img/156.png	0.00	6940,6940,6940,15,15,6940,13,6940,15,6940,6940,15,6940,6940
./data_example/train_img/157.png	11:40	6940,6940,6940,16,6940,6940,6940,6940,16,6940,6940,6940,25,6940,6940,6940,19,6940,6940,6940,15,6940,6940,6940
./data_example/train_img/158.png	0.00	6940,6940,6940,6940,15,6940,6940,13,6940,15,6940,6940,6940,15,6940
./data_example/train_img/159.png	001760	6940,6940,6940,6940,15,6940,6940,6940,6940,15,6940,6940,6940,6940,6940,16,6940,6940,6940,22,6940,6940,6940,21,21,6940,6940,6940,15,6940,6940,6940,6940
./data_example/train_img/161.png	17:19	6940,6940,6940,16,6940,6940,6940,22,6940,25,6940,6940,16,6940,6940,24,6940,6940,6940
./data_example/train_img/162.png	85	6940,6940,6940,6940,23,6940,6940,6940,20,6940
./data_example/train_img/163.png	确认净额	6940,6940,6940,6940,3994,6940,6940,6940,6940,6940,5445,6940,6940,6940,6940,6940,6940,558,6940,6940,6940,6940,6940,6539,6940,6940,6940,6940,6940
./data_example/train_img/164.png	Pa	6940,47,6940,6940,6940,6940,63,6940
./data_example/train_img/165.png	国寿安保基金联系电话：010-50850955或010-50850950。	6940,6940,1136,6940,6940,6940,6940,6940,6940,1553,6940,6940,6940,6940,6940,6940,1497,6940,6940,6940,6940,6940,406,6940,6940,6940,6940,6940,1237,6940,6940,6940,6940,6940,6940,6077,6940,6940,6940,6940,4593,6940,6940,6940,6940,6940,6940,6940,4329,6940,6940,6940,6940,3685,6940,6940,6940,6940,6940,6940,5497,6940,6940,6940,6940,6940,6928,6940,6940,6940,6940,6940,15,6940,6940,6940,16,6940,15,6940,6940,12,6940,20,6940,6940,15,6940,6940,23,6940,6940,20,6940,6940,15,6940,6940,24,6940,6940,20,6940,6940,20,6940,6940,2093,6940,6940,6940,6940,6940,15,6940,6940,6940,16,6940,15,6940,6940,12,6940,6940,20,6940,15,6940,6940,23,6940,6940,6940,20,6940,15,6940,6940,24,6940,6940,20,6940,6940,15,6940,6940,140,6940,6940,6940
./data_example/train_img/166.png	1,960.78	6940,6940,16,6940,6940,11,6940,6940,6940,24,6940,6940,6940,21,6940,6940,6940,15,6940,6940,6940,13,6940,6940,6940,22,6940,6940,6940,23,6940,6940,6940
./data_example/train_img/167.png	份额明细	6940,6940,301,6940,6940,6940,6539,6940,6940,6940,6940,2492,6940,6940,6940,6940,4380,6940,6940,6940
./data_example/train_img/168.png	1	6940,6940,16,6940
./data_example/train_img/169.png	81.42	6940,6940,6940,23,6940,16,13,6940,17,6940
./data_example/train_img/171.png	002906	6940,6940,15,6940,6940,15,6940,6940,17,6940,6940,24,6940,6940,15,6940,6940,6940,21,6940,6940
./data_example/train_img/172.png	0.00	6940,6940,6940,15,6940,6940,13,13,6940,6940,15,6940,6940,15,6940,6940
./data_example/train_img/173.png	1.00	6940,6940,6940,6940,16,6940,6940,13,6940,6940,6940,15,6940,6940,6940,6940,15,6940,6940,6940,0
./data_example/train_img/174.png	赎回	6940,6940,5655,6940,6940,6940,6940,6940,6940,1122,6940,6940,6940,6940,6940
./data_example/train_img/175.png	兴全货币A级	6940,6940,517,6940,6940,6940,6940,6940,509,6940,6940,6940,6940,5616,6940,6940,6940,6940,1707,6940,6940,6940,6940,32,6940,6940,4353,6940,6940,6940
./data_example/train_img/176.png	到账，请及时划款：￥	6940,6940,6940,612,6940,6940,6940,6940,6940,5615,6940,6940,6940,6940,6940,6926,6926,6940,6940,6940,6940,6940,5522,6940,6940,6940,6940,6940,6940,773,6940,6940,6940,6940,2483,6940,6940,6940,6940,6940,6940,597,6940,6940,6940,6940,6940,2878,6940,6940,6940,6940,6940,6928,6940,6940,6940,6940,6940,6940,6940,6938,6940,6940,6940
./data_example/train_img/177.png	上海市分行营业部	6940,6940,6940,6940,159,159,6940,6940,6940,6940,3124,6940,6940,6940,6940,6940,6940,6940,6940,1708,6940,6940,6940,6940,6940,6940,6940,6940,590,6940,6940,6940,6940,6940,6940,6940,5315,6940,6940,6940,6940,6940,6940,6940,5019,6940,6940,6940,6940,6940,6940,6940,172,6940,6940,6940,6940,6940,6940,6940,5996,6940,6940,6940,6940,6940,6940
./data_example/train_img/178.png	210001423982	6940,6940,17,6940,6940,6940,16,6940,6940,6940,15,6940,6940,6940,15,6940,6940,15,6940,6940,6940,6940,16,6940,6940,19,6940,6940,6940,17,6940,6940,6940,18,6940,6940,6940,24,6940,6940,6940,23,6940,6940,6940,17,6940,6940
./data_example/train_img/179.png	Page	6940,6940,6940,6940,47,6940,6940,6940,63,6940,6940,6940,69,6940,6940,67,6940
./data_example/train_img/181.png	0.00	6940,15,6940,13,15,6940,15
./data_example/train_img/182.png	6.74	6940,6940,6940,21,6940,13,13,6940,22,6940,6940,19,6940
./data_example/train_img/183.png	基金名称	6940,6940,6940,6940,1237,6940,6940,6940,6940,6940,6940,6077,6940,6940,6940,6940,6940,6940,818,6940,6940,6940,6940,6940,6940,4104,6940,6940,6940,6940
./data_example/train_img/184.png	787.30	6940,6940,6940,6940,22,6940,23,6940,6940,6940,22,6940,13,6940,6940,18,6940,6940,15,6940,6940
./data_example/train_img/185.png	1、为保证应付款项能按时到账，请及时划款；	6940,6940,6940,16,6940,6940,139,6940,6940,6940,6940,6940,192,6940,6940,6940,6940,6940,406,6940,6940,6940,6940,6940,5471,6940,6940,6940,6940,6940,1766,6940,6940,6940,6940,6940,281,6940,6940,6940,6940,6940,2878,6940,6940,6940,6940,6940,6940,6508,6940,6940,6940,6940,6940,4673,6940,6940,6940,6940,6940,2221,6940,6940,6940,6940,6940,2483,6940,6940,6940,6940,6940,612,6940,6940,6940,6940,6940,5615,6940,6940,6940,6940,6940,6926,6940,6940,6940,6940,6940,6940,5522,6940,6940,6940,6940,6940,6940,773,6940,6940,6940,6940,2483,6940,6940,6940,6940,6940,597,6940,6940,6940,6940,6940,2878,2878,6940,6940,6940,6940,6929,6940,6940
./data_example/train_img/186.png	1 的涉税判断说明进行估值核算。后续我司管理的其	6940,6940,6940,16,6940,6940,6940,6940,6940,3820,6940,6940,6940,6940,6940,6940,6940,3130,6940,6940,6940,6940,6940,6940,4114,6940,6940,6940,6940,6940,6940,606,6940,6940,6940,6940,6940,6940,2452,6940,6940,6940,6940,6940,6940,6940,5519,6940,6940,6940,6940,6940,6940,2492,6940,6940,6940,6940,6940,6940,5867,6940,6940,6940,6940,6940,6940,6940,5315,6940,6940,6940,6940,6940,6940,327,6940,6940,6940,6940,6940,6940,443,6940,6940,6940,6940,6940,6940,2699,6940,6940,6940,6940,6940,6940,6940,4237,6940,6940,6940,6940,6940,6940,140,6940,6940,6940,6940,6940,6940,819,6940,6940,6940,6940,6940,6940,4416,6940,6940,6940,6940,6940,6940,6940,2090,6940,6940,6940,6940,6940,6940,805,6940,6940,6940,6940,6940,6940,4240,6940,6940,6940,6940,6940,6940,3603,6940,6940,6940,6940,6940,6940,3820,6940,6940,6940,6940,6940,6940,6940,519,6940,6940,6940,6940
./data_example/train_img/187.png	红利再投资	6940,6940,6940,4348,6940,6940,6940,6940,6940,6940,608,6940,6940,6940,6940,6940,533,6940,6940,6940,6940,6940,2152,6940,6940,6940,6940,6940,6940,5645,6940,6940,6940,6940
./data_example/train_img/189.png	打印时间：	6940,6940,6940,2124,6940,6940,6940,6940,6940,737,6940,6940,6940,6940,6940,2483,6940,6940,6940,6940,6940,6940,6320,6940,6940,6940,6940,6940,6928,6940,6940
./data_example/train_img/190.png	002855	6940,6940,6940,15,6940,6940,15,6940,6940,6940,17,6940,6940,23,6940,6940,20,6940,6940,6940,20,6940
./data_example/train_img/191.png	0.00	6940,6940,6940,6940,15,6940,6940,13,6940,6940,6940,15,6940,6940,15,6940,6940,6940
./data_example/train_img/192.png	页	6940,6940,6940,6940,6504,6940,6940,6940,6940
./data_example/train_img/193.png	996.85	6940,6940,24,6940,6940,24,6940,6940,21,6940,13,6940,23,6940,6940,20,6940,6940
./data_example/train_img/195.png	划款金额	6940,6940,6940,597,6940,6940,6940,6940,2878,2878,6940,6940,6940,6940,6940,6077,6940,6940,6940,6940,6940,6539,6940,6940,6940
./data_example/train_img/196.png	到账，请及时划款：￥	6940,6940,6940,612,6940,6940,6940,6940,6940,5615,6940,6940,6940,6940,6940,6940,6926,6940,6940,6940,6940,6940,5522,6940,6940,6940,6940,6940,6940,773,6940,6940,6940,6940,2483,6940,6940,6940,6940,6940,6940,597,6940,6940,6940,6940,6940,2878,6940,6940,6940,6940,6940,6928,6940,6940,6940,6940,6940,6940,6940,6938,6940,6940,6940
./data_example/train_img/197.png	0.00	6940,6940,6940,15,6940,6940,13,6940,6940,15,6940,15,6940,6940
./data_example/train_img/199.png	2018-08	6940,17,6940,6940,6940,15,6940,6940,6940,6940,16,6940,6940,6940,23,6940,6940,6940,12,6940,6940,6940,15,6940,6940,6940,6940,23,6940
./data_example/train_img/200.png	证券名称	6940,6940,5471,6940,6940,6940,6940,6940,6940,616,6940,6940,6940,6940,6940,6940,6940,818,6940,6940,6940,6940,6940,6940,4104,6940,6940,6940
./data_example/train_img/201.png	0	6940,6940,6940,15,6940
./data_example/train_img/202.png	华夏希望前收费	6940,6940,6940,714,6940,6940,6940,6940,6940,1296,6940,6940,6940,6940,6940,6940,1713,6940,6940,6940,6940,6940,2576,6940,6940,6940,6940,6940,6940,628,6940,6940,6940,6940,6940,2408,6940,6940,6940,6940,6940,6940,5634,6940,6940,6940,6940
./data_example/train_img/203.png	16,814.78	6940,6940,6940,16,6940,6940,21,6940,11,6940,23,6940,6940,6940,16,6940,6940,19,6940,6940,13,6940,22,6940,6940,23,6940,6940
./data_example/train_img/204.png	2018-08-15	6940,6940,17,6940,6940,15,6940,6940,6940,16,6940,23,6940,6940,12,6940,6940,15,6940,6940,23,6940,6940,12,6940,6940,16,6940,20,6940,6940
./data_example/train_img/206.png	建信基金管理有限责	6940,6940,1799,6940,6940,6940,6940,6940,409,6940,6940,6940,6940,6940,6940,1237,6940,6940,6940,6940,6940,6077,6940,6940,6940,6940,6940,4240,6940,6940,6940,6940,6940,3603,6940,6940,6940,6940,6940,6940,2568,6940,6940,6940,6940,6383,6940,6940,6940,6940,6940,6940,5612,6940,6940,6940
./data_example/train_img/207.png	2018-09-14	6940,6940,6940,6940,17,6940,6940,15,6940,6940,6940,16,6940,6940,6940,23,6940,6940,12,6940,6940,15,6940,6940,6940,24,6940,6940,12,6940,6940,16,6940,6940,6940,19
./data_example/train_img/208.png	为保证2018-08-14中午12：00前到帐，请尽早支付认购款(人民币）：137,669.24	6940,6940,192,6940,6940,6940,6940,6940,406,6940,6940,6940,6940,6940,5471,6940,6940,6940,6940,6940,6940,17,6940,15,6940,6940,6940,16,6940,23,6940,6940,12,6940,6940,15,6940,23,6940,6940,12,6940,6940,16,6940,6940,19,6940,6940,185,6940,6940,6940,6940,6940,711,6940,6940,6940,6940,6940,6940,16,6940,17,6940,6940,6940,6940,6928,6940,6940,6940,15,6940,6940,15,6940,6940,628,6940,6940,6940,6940,6940,6940,612,6940,6940,6940,6940,6940,1715,6940,6940,6940,6940,6940,6940,6940,6926,6940,6940,6940,6940,5522,6940,6940,6940,6940,6940,1580,6940,6940,6940,6940,6940,2476,6940,6940,6940,6940,6940,6940,2405,6940,6940,6940,6940,6940,281,6940,6940,6940,6940,6940,5445,6940,6940,6940,6940,6940,5622,6940,6940,6940,6940,6940,6940,2878,6940,6940,6940,6940,6940,7,6940,6940,259,6940,6940,6940,6940,6940,2945,6940,6940,6940,6940,6940,1707,6940,6940,6940,6940,6940,8,6940,6940,6940,6928,6940,6940,6940,6940,16,6940,6940,18,6940,6940,22,6940,11,6940,21,6940,6940,21,6940,6940,24,6940,13,6940,6940,17,6940,19,19,6940
./data_example/train_img/209.png	确认净值：	6940,6940,3994,6940,6940,6940,6940,6940,6940,6940,5445,6940,6940,6940,6940,6940,6940,6940,558,6940,6940,6940,6940,6940,6940,443,6940,6940,6940,6940,6940,6940,6928,6940,6940,6940
./data_example/train_img/211.png	39060	6940,6940,6940,18,6940,6940,6940,24,6940,6940,15,6940,6940,6940,21,6940,6940,15,6940
./data_example/train_img/213.png	部门签章:	6940,6940,5996,6940,6940,6940,6940,6940,6309,6940,6940,6940,6940,6940,4230,6940,6940,6940,6940,6940,4168,6940,6940,6940,6940,6940,6928,6940
./data_example/train_img/214.png	14.81	6940,6940,6940,6940,16,6940,6940,19,6940,6940,13,6940,6940,6940,23,6940,6940,6940,6940,16,6940
./data_example/train_img/215.png	到账，请及时检查金额:￥	6940,6940,6940,6940,612,6940,6940,6940,6940,6940,6940,5615,6940,6940,6940,6940,6940,6940,6940,6926,6940,6940,6940,6940,6940,6940,6940,5522,6940,6940,6940,6940,6940,6940,6940,773,6940,6940,6940,6940,6940,2483,6940,6940,6940,6940,6940,6940,6940,2751,6940,6940,6940,6940,6940,6940,6940,6940,2668,6940,6940,6940,6940,6940,6940,6077,6940,6940,6940,6940,6940,6940,6539,6940,6940,6940,6940,6940,6940,6928,6940,6940,6940,6940,6940,6940,6940,6940,6940,6938,6940,6940,6940
./data_example/train_img/216.png	0.00	6940,6940,15,6940,6940,6940,13,6940,15,6940,6940,15,6940,6940
./data_example/train_img/217.png	交易类型：	6940,6940,6940,246,6940,6940,6940,6940,6940,6940,2494,6940,6940,6940,6940,6940,6940,4287,6940,6940,6940,6940,6940,1198,6940,6940,6940,6940,6940,6928,6940,6940
./data_example/train_img/218.png	4800000	6940,6940,6940,19,6940,6940,23,6940,6940,15,6940,6940,6940,15,6940,6940,6940,15,6940,6940,15,6940,6940,6940,15
./data_example/train_img/219.png	001420	6940,6940,6940,15,6940,6940,15,6940,6940,6940,16,6940,6940,19,6940,6940,17,6940,6940,15,6940,6940,6940
./data_example/train_img/221.png	101.281	6940,6940,6940,6940,16,6940,15,6940,6940,6940,16,6940,13,6940,6940,17,17,6940,23,6940,6940,6940,16
./data_example/train_img/222.png	本产品名称	6940,6940,6940,2583,6940,6940,6940,6940,249,6940,6940,6940,6940,6940,6940,920,6940,6940,6940,6940,6940,6940,818,6940,6940,6940,6940,4104,6940,6940,6940,6940,6940
./data_example/train_img/223.png	23,745.17	6940,6940,6940,6940,17,6940,6940,18,6940,6940,11,6940,6940,22,6940,6940,19,6940,6940,20,6940,13,6940,6940,6940,16,6940,6940,22
./data_example/train_img/224.png	149	6940,6940,6940,16,6940,6940,19,6940,6940,24,6940,6940
./data_example/train_img/225.png	取消登记	6940,6940,779,6940,6940,6940,6940,6940,3129,6940,6940,6940,6940,6940,3816,6940,6940,6940,6940,6940,5456,6940,6940,6940
./data_example/train_img/226.png	4,827.59	6940,6940,19,6940,6940,6940,11,6940,6940,6940,23,6940,6940,6940,17,6940,6940,6940,22,6940,6940,13,6940,6940,6940,20,6940,6940,6940,24,6940,6940,6940
./data_example/train_img/228.png	确认日期:	6940,6940,6940,3994,6940,6940,6940,6940,6940,5445,6940,6940,6940,6940,6940,2472,6940,6940,6940,6940,2578,6940,6940,6940,6940,25,6940
./data_example/train_img/229.png	收件人：	6940,6940,6940,2408,6940,6940,6940,6940,6940,6940,298,6940,6940,6940,6940,6940,6940,6940,259,6940,6940,6940,6940,6940,6928,6940,6940,6940
./data_example/train_img/230.png	121011 国投瑞银货币A	6940,6940,6940,16,6940,6940,17,6940,6940,16,6940,6940,15,6940,6940,6940,16,6940,6940,16,6940,6940,6939,6939,6940,1136,6940,6940,6940,6940,6940,6940,2152,6940,6940,6940,6940,6940,3630,6940,6940,6940,6940,6940,6194,6940,6940,6940,6940,6940,5616,6940,6940,6940,6940,6940,1707,6940,6940,6940,6940,6940,32,6940,6940
./data_example/train_img/231.png	386.74	6940,6940,6940,6940,18,6940,6940,6940,23,6940,6940,6940,21,6940,13,13,6940,6940,6940,22,6940,6940,6940,19,6940,6940
./data_example/train_img/232.png	十万千百十元角分	6940,6940,6940,707,6940,6940,6940,156,6940,6940,708,6940,6940,3818,6940,6940,6940,707,6940,6940,493,6940,6940,6940,5418,6940,6940,590,6940
./data_example/train_img/233.png	724,663.53	6940,6940,6940,22,6940,6940,6940,17,6940,6940,6940,19,6940,6940,6940,11,6940,6940,6940,21,6940,6940,21,21,6940,6940,6940,18,6940,6940,13,6940,6940,6940,20,6940,6940,6940,6940,18,6940
./data_example/train_img/234.png	基金名称	6940,6940,6940,6940,1237,6940,6940,6940,6940,6940,6940,6940,6077,6940,6940,6940,6940,6940,6940,6940,818,6940,6940,6940,6940,6940,6940,4104,6940,6940,6940,6940,6940
./data_example/train_img/235.png	广发货币A级	6940,6940,6940,1755,6940,6940,6940,6940,6940,777,6940,6940,6940,6940,5616,6940,6940,6940,6940,6940,1707,6940,6940,6940,6940,6940,32,6940,6940,4353,6940,6940,6940,6940,6940
./data_example/train_img/236.png	0	6940,6940,15,6940,6940
./data_example/train_img/238.png	005762	6940,6940,6940,15,6940,6940,6940,15,6940,6940,6940,6940,20,6940,6940,6940,22,6940,6940,6940,21,6940,6940,6940,6940,17,6940,6940
./data_example/train_img/239.png	91.74	6940,6940,6940,24,6940,6940,16,6940,6940,13,6940,6940,22,6940,19,6940,6940
./data_example/train_img/241.png	005612	6940,6940,6940,6940,15,6940,6940,6940,15,6940,6940,6940,20,6940,6940,6940,21,6940,6940,6940,6940,16,6940,6940,17,6940,6940,6940
./data_example/train_img/242.png	20180409	6940,6940,17,6940,6940,15,6940,16,6940,23,6940,6940,15,6940,19,6940,15,6940,24,6940
./data_example/train_img/243.png	销	6940,6203,6940
./data_example/train_img/244.png	1	6940,6940,16,6940,6940,6940
./data_example/train_img/245.png	页	6940,6940,6940,6504,6940,6940,6940,6940
./data_example/train_img/246.png	成交股数	6940,6940,6940,2089,6940,6940,6940,6940,6940,246,6940,6940,6940,6940,6940,4617,6940,6940,6940,6940,6940,2431,6940,6940,6940,6940
./data_example/train_img/247.png	0	6940,6940,6940,15,6940,6940
./data_example/train_img/249.png	91440101088581224G	6940,6940,24,6940,6940,6940,16,6940,6940,6940,19,6940,6940,6940,19,6940,6940,6940,15,6940,6940,6940,16,6940,6940,15,6940,6940,6940,6940,16,6940,6940,15,6940,6940,6940,23,6940,6940,6940,23,6940,6940,6940,20,6940,6940,6940,23,6940,6940,6940,16,6940,6940,6940,17,6940,6940,6940,17,6940,6940,6940,19,6940,6940,38,6940,6940,6940
./data_example/train_img/250.png	To	6940,6940,6940,51,6940,6940,6940,6940,77,6940,6940,6940
./data_example/train_img/252.png	合A	6940,6940,6940,6940,814,6940,6940,6940,6940,6940,6940,6940,32,6940,6940,6940
./data_example/train_img/253.png	1000	6940,6940,16,6940,6940,15,6940,6940,15,6940,6940,15,15,6940,6940
./data_example/train_img/254.png	3,569,392.61	6940,18,6940,11,6940,20,6940,21,6940,24,11,6940,18,6940,24,6940,17,13,6940,21,6940,16
./data_example/train_img/255.png	-0	6940,12,6940,6940,15,6940,6940,6940
./data_example/train_img/256.png	页	6940,6940,6504,6940
./data_example/train_img/257.png	佣金	6940,6940,6940,354,6940,6940,6940,6940,6077,6940,6940,6940,6940
./data_example/train_img/258.png	业务小计:	6940,6940,172,6940,6940,6940,6940,6940,654,6940,6940,6940,6940,6940,1559,6940,6940,6940,6940,5442,6940,6940,6940,6940,6928,6940
./data_example/train_img/260.png	基金代码:	6940,6940,6940,1237,6940,6940,6940,6940,6940,6940,6077,6940,6940,6940,6940,6940,287,6940,6940,6940,6940,6940,3948,6940,6940,6940,6940,6940,6940,6928,6940,6940
./data_example/train_img/261.png	南方策略	6940,6940,721,6940,6940,6940,6940,6940,6940,2455,6940,6940,6940,6940,6940,4216,6940,6940,6940,6940,3703,6940,6940,6940,6940
./data_example/train_img/262.png	净额	6940,6940,6940,558,6940,6940,6940,6940,6940,6539,6940,6940,6940,6940
./data_example/train_img/263.png	业务小计：	6940,6940,6940,172,6940,6940,6940,6940,6940,6940,654,6940,6940,6940,6940,6940,6940,1559,6940,6940,6940,6940,6940,6940,5442,6940,6940,6940,6940,6940,6928,6940,6940,6940
./data_example/train_img/264.png	25,000.00	6940,6940,6940,17,6940,6940,20,6940,6940,6940,11,6940,6940,6940,15,6940,6940,6940,15,6940,6940,6940,15,6940,6940,6940,13,6940,6940,6940,15,6940,6940,6940,15,6940,6940,6940
./data_example/train_img/265.png	198.81	6940,6940,6940,16,6940,6940,24,6940,6940,6940,23,6940,6940,6940,13,6940,6940,6940,23,6940,6940,6940,6940,16,6940,6940
./data_example/train_img/268.png	成功笔数	6940,6940,2089,6940,6940,6940,6940,6940,652,6940,6940,6940,6940,4186,6940,6940,6940,6940,6940,2431,6940,6940,6940
./data_example/train_img/269.png	汇丰晋信双核策略C	6940,6940,2975,6940,6940,6940,6940,6940,186,6940,6940,6940,6940,6940,2514,6940,6940,6940,6940,6940,409,6940,6940,6940,6940,6940,775,6940,6940,6940,6940,2699,6940,6940,6940,6940,6940,4216,6940,6940,6940,6940,3703,6940,6940,6940,6940,6940,34,6940,6940
./data_example/train_img/270.png	华夏中证500ETF联接	6940,6940,714,714,6940,6940,6940,6940,6940,6940,1296,6940,6940,6940,6940,6940,6940,185,6940,6940,6940,6940,6940,6940,6940,5471,6940,6940,6940,6940,6940,6940,20,6940,6940,6940,15,6940,6940,6940,15,6940,6940,6940,36,6940,6940,6940,51,6940,6940,6940,37,6940,6940,6940,4593,6940,6940,6940,6940,6940,6940,6940,2286,6940,6940,6940,6940,6940
./data_example/train_img/271.png	20180822	6940,6940,6940,17,6940,6940,15,6940,6940,6940,16,6940,23,6940,6940,6940,15,6940,6940,23,6940,6940,17,6940,6940,6940,17,6940
./data_example/train_img/272.png	0.00	6940,6940,15,6940,6940,15,6940,15
./data_example/train_img/273.png	2	6940,6940,6940,17,6940
./data_example/train_img/274.png	交易净额	6940,6940,6940,246,6940,6940,6940,6940,6940,2494,6940,6940,6940,6940,6940,558,6940,6940,6940,6940,6940,6539,6940,6940,6940
./data_example/train_img/277.png	交割日期	6940,6940,6940,6940,246,6940,6940,6940,6940,641,6940,6940,6940,6940,6940,6940,6940,2472,6940,6940,6940,6940,6940,2578,6940,6940,6940,6940
./data_example/train_img/279.png	广发美国房产指数	6940,6940,1755,6940,6940,6940,6940,6940,6940,777,6940,6940,6940,6940,6940,4513,6940,6940,6940,6940,6940,1136,6940,6940,6940,6940,6940,2111,6940,6940,6940,6940,6940,6940,249,6940,6940,6940,6940,6940,2219,6940,6940,6940,6940,6940,2431,6940,6940,6940,6940
./data_example/train_img/280.png	260,885.86	6940,6940,6940,17,6940,6940,21,6940,6940,6940,15,6940,6940,6940,11,6940,6940,6940,23,6940,6940,6940,23,6940,6940,6940,20,6940,6940,13,6940,6940,6940,23,6940,6940,6940,21,6940,6940
